13222.719590756402
23079.805852366997
27321.8711369246
48291.427806650805
72902.510776416
101175.7170584572

11687.735171406599
22998.7279195682
29152.2047535796
49276.3105675928
74872.65829914401
98714.96284214819
7160.4063464683395
12064.1732641118
15762.784746113
26649.0330090188
33369.1520362328
51532.1153023776
1520.9597995203599
2399.0589940182804
2856.18724261102
5939.341567690241
5535.36112392358
7987.7081702413

12029.688678133001
14231.405696178801
30021.025312659
50881.1442889464
70468.56855074961
94371.75674801422
6482.44030844744
5981.11723889764
15537.461422209799
23611.5425590896
25790.2634363232
34600.6789934958
1125.90675015238
1034.353252377902
2443.07527129574
4645.67180268368
3930.0656676055396
5405.146565454301

11193.5990877552
13237.193716863001
27299.0740732038
47740.118157351404
63593.4296187992
84277.4730369212
6104.10423821038
5825.709875864421
12907.037692550799
22835.100582185798
25796.628233693
32794.3343977596
1199.23868863272
856.759531883544
2294.73918970028
3849.9736336671995
3561.11831187664
4853.738184349861

7186.422171692339
7389.132588336921
18190.830385747795
26416.712556517003
26432.8383710626
40818.2523114806
1283.7783939019603
1107.761687531796
2630.0549117062596
4946.33259153606
4109.666434582059
5659.00054989174

5645.5258415956
6996.99670210942
14119.8185107826
21152.522316847397
23743.8285517406
27108.4442659012
769.401855879308
948.9479328076919
2346.2861942685604
3264.7913574184
2763.00791792608
3449.32055576004

9588.72908055296
13716.682379171
28511.511343706
47935.487744632
61706.3060926328
72697.4651850228
4143.74419466372
5215.810344401901
12906.290237184401
18510.2796519222
18250.461364180002
22411.3446352524
731.0830286309421
858.047940200168
1979.39244915948
3075.1775285507
2774.23163268904
3311.1168190295402

9581.57267195276
12547.617270929999
26341.2752808454
45687.5914569196
57930.7693940926
70128.57526801461
4027.431789726201
4811.0827551025795
12031.750721405
18036.284895084602
18936.527696716
22727.986174708
556.021675266856
756.889558084694
1749.1683501626999
2813.6028674692197
2428.96892990632
2537.1749811629597
