13950.318471338
12258.75
13656.626506024
12295.979899497
13951.923076923
21299.534883721
23313.483146067
23395.918367347
23996.170212766
23393.922651934
27654.494382022
26603.647416413
27016.304347826
26373.259052925
28961.650485437
51225.207296849
46607.863247863
40409.490333919
54672.107765452
48542.470389171
75505.994550409
74555.665467626
74832.682060391
59325.381263617
80292.830540037
92506.736526946
101442.20389805
103550.13634593
103072.9876161
105306.52090526
12385.714285714
12198.324022346
11689.637305699
10770.430107527
11394.570135747
25751.075268817
21928.795811518
25591.031390135
18894.444444444
22828.292682927
31702.475247525
30664.150943396
28121.808510638
25006.25
30266.339066339
51560.664335664
56148.885077187
43740.456431535
45513.333333333
49418.213660245
75063.768115942
73327.296819788
75788.644688645
75735.555555556
74448.026315789
95682.772643253
100884.55130632
99130.621468927
106705.7319907
91171.136801541
6925.0712250712
7038.1215469613
7489.0207715134
6745.3453453453
7604.4728434505
12352.771618625
12146.111111111
11203.414634146
12300.79787234
12317.771084337
14314.006514658
16681.462799496
13603.231017771
17387.316421896
16827.906976744
28628.938356164
23015.65600882
29717.722681359
29292.740471869
22590.107526882
34269.761065413
35828.065942903
33245.566600398
36545.790771398
26956.575801052
51727.757575758
51608.086986069
50947.638705416
51923.381904439
51453.711340206
1402.4433849821
1644.4291609354
1559.1495823842
1598.2746721877
1400.5021971124
2554.1542139868
2536.4739884393
2533.2552693208
1982.9644268775
2388.447071467
2722.3503041947
3395.7297297297
2693.6522826767
2748.022249691
2721.181646763
6138.7835867528
6119.208512227
5776.2647394447
5523.3528265107
6139.098173516
5369.6759704844
5546.0443453162
5765.3171738009
5178.24053018
5817.5275998364
5395.3573610263
9330.7678539467
8412.3193012521
8389.4099680689
8410.6863669125
11613.372093023
10685.321100917
14266.242038217
11113.636363636
12469.871794872
14296.902654867
15838.725490196
13691.101694915
13867.381974249
13462.916666667
30989.438202247
31028.676470588
29781.818181818
30029.133858268
28276.059850374
55281.629392971
54325.741029641
51218.849840256
45729.913043478
47849.588138386
69196.647108131
73692.6716141
68593.349168646
67775.82781457
73084.347048301
89985.951815406
89575.540588444
97900.323508267
97616.077865898
96780.889962056
6764.8902821317
6988.4615384615
5757.1045576407
6460.3658536585
6441.3793103448
6050.7490636704
5800.8976660682
6073.4962406015
5906.9469835466
6073.4962406015
16331.233933162
15077.992744861
14979.842342342
16023.324396783
15274.913693901
24193.328161365
23911.48904006
24560.015003751
24183.448275862
21209.43231441
20519.461077844
26727.972429638
25580.532253399
26624.846437346
29498.504983389
37901.678597877
37380.899975544
36784.551274308
35833.066252093
25103.198867657
1104.4817927171
1090.7632743363
1111.5771812081
1206.8985849057
1115.8129175947
996.02342786683
1086.8146653212
975.86831772878
1017.0286433743
1096.0312075984
2905.0706181987
2336.9080021775
2283.90625
2328.0916428014
2361.3998433011
4633.2113583138
4499.9121651296
4706.4566929134
4489.3698468787
4899.4089501829
3836.8409152573
4054.833194714
3996.9004422036
3930.6385869565
3831.1151988963
5469.4515146084
5419.2219185963
5277.9437689693
5448.6252408304
5410.4903842671
10859.2760181
9717.094017094
12392.391304348
12178.021978022
10821.212121212
14554.504504505
12976.305220884
12332.442748092
13188.163265306
13134.552845528
28509.347826087
31412.230215827
23923.924731183
27633.91521197
25015.952380952
40416.897081413
49222.866344605
51804.833836858
52210.396039604
45045.597484277
66813.223787167
68324.579663731
61563.547904192
52512.48085758
68753.315881326
84077.928974444
92997.434349532
86241.561109209
73632.164328657
84438.276422764
5937.3177842566
5472.2077922078
6217.4698795181
6620.0501253133
6273.4756097561
5112.5
5551.7182130584
6449.3013972056
5513.8225255973
6501.2072434608
14259.360189573
13781.685744017
12830.963302752
11749.530201342
11913.64902507
23545.891931902
23063.211678832
21889.28067701
22745.932678822
22931.185944363
25422.114216282
25828.090234858
25328.483319316
23338.719915366
29065.733482643
34974.530053377
35366.418604651
34351.000232612
24582.364783251
34697.358314907
1279.5409836066
1094.8950652297
1350.5449591281
1066.4885088188
1204.7239263804
843.84956907809
853.88477801269
857.73825325192
865.08701472557
863.23804434945
2526.3594671326
1957.3745173745
2724.8331943286
2252.2712999791
2012.8574696866
2980.8488612836
4283.6286696641
4093.6345246123
3833.6631016043
4058.0930111717
3603.5369087332
3677.8373390747
3739.3259894631
3479.2797896015
3305.6115325107
4662.3167995808
4957.8400675911
4913.0923615563
4879.5997375328
4855.8419554883
6383.5260115607
7022.2222222222
7219.1489361702
7460.8108108108
7846.4028776978
7674.8218527316
7584.7417840376
7260.8988764045
7164.3015521064
7260.8988764045
17651.578947368
16814.392803598
18963.376251788
18457.51014885
19067.293777135
29474.530075188
27513.799621928
28017.663043478
22058.391959799
25019.178082192
28779.150442478
28976.470588235
22953.709198813
29548.64307798
21906.218547807
39570.462001093
40462.23961974
41203.110630241
41356.09919571
41499.350110619
1522.7952167414
1183.3621185953
1221.6339869281
1316.2300319489
1174.8706152961
1104.2720437457
971.46722790138
1113.7883488452
1194.4916820702
1154.7891350965
3153.8669285539
2551.281304601
2569.0036900369
2466.2978723404
2409.8247629991
4939.9876486027
4829.3670115642
4657.7632180405
5143.7849267482
5160.7601527247
3874.3091859597
4218.2236744393
4265.4349750711
4071.7503312233
4118.6140062169
5657.1120177092
5734.7849734616
5700.3689408559
5574.198797053
5628.538020379
5062.3824451411
5981.1111111111
6003.3457249071
5329.702970297
5851.0869565217
6580.6517311609
8263.6828644501
6874.6808510638
6449.3013972056
6816.6666666667
12547.864506627
14601.835853132
16225.100133511
11577.290836653
15647.00122399
22807.663964628
21875.386779184
21906.120996441
16129.545454545
23043.894389439
22046.730717908
22110.98605334
25022.03777905
24643.294252216
24896.093956189
26695.474060823
27213.311570548
26922.858716607
27492.148723039
27218.428258489
776.02114368092
778.26506024096
779.01591895803
801.04166666667
712.66548984996
983.8915956151
935.73704025485
951.44287396938
920.54131054131
953.12684365782
2327.3197852761
1825.6799493991
2631.7105263158
2343.3346065699
2603.3861037819
3322.3930753564
3105.0604613352
3183.7409120952
3396.0826985854
3316.6796397198
2666.0028492619
2676.8991180617
2757.7203731642
2755.3423663996
2959.074882743
3458.9310718641
3429.915201005
3411.6405103308
3493.8013061817
3452.3146894186
9443.8596491228
10156.603773585
10093.125
9968.5185185185
8281.5384615385
13351.652892562
13691.101694915
13462.916666667
12239.015151515
15838.725490196
26623.37962963
29944.419642857
29748.461538462
28661.388286334
27579.907621247
51436.331569665
51587.096774194
46022.48427673
44818.60816944
45812.917933131
61468.774094063
59634.805788271
59236.842105263
67940.650406504
60250.458069063
69306.563706564
69930.242825607
74859.257126404
74863.903520932
74527.358745607
4294.9468085106
4317.9144385027
4140.7692307692
3967.8132678133
3997.2772277228
5331.8481848185
4955.6748466258
5385.1666666667
5228.3171521036
5178.0448717949
13627.021276596
12608.375893769
12058.710976838
13037.828947368
13199.514091351
18252.988505747
17704.075935232
18526.70694864
19240.650406504
18826.976463488
15591.452513966
18101.211760032
21143.415306826
17081.551860649
19334.675379427
24012.43978244
24408.572349339
23687.095019812
16100.418946648
23848.197078023
731.0547759167
711.72322609079
795.90931493346
735.04779244424
681.68003376952
864.16154051886
841.87076602397
850.28947368421
852.30809812714
881.60982264666
1671.2827696618
2380.060362173
2182.8586314693
1714.4995140914
1948.2609684019
2996.0966721013
3262.6561472715
3086.9724588865
2973.9068100358
3056.2555544584
2970.8991099851
2682.937608583
2815.3781284824
2733.13
2668.8133163947
3269.6812875414
3332.9649290749
3328.2742378647
3333.1626767449
3291.5009639218
10351.923076923
9281.0344827586
10766
8873.0769230769
8635.8288770053
12670.980392157
12821.825396825
12670.980392157
12146.992481203
12427.307692308
25739.696312364
27157.847533632
27783.413461538
28950.971922246
22074.447174447
44669.108280255
44387.392550143
47759.198813056
46086.015037594
45536.24260355
54937.158469945
57046.393897365
60689.497716895
62138.077769626
54842.719116632
74083.585722012
67947.949271452
67823.435520649
66931.418312388
73856.487513572
4461.0497237569
4667.3410404624
3564.9006622517
3910.1694915254
3533.6980306346
4682.7536231884
5025.0388802488
4723.8304093567
4836.9760479042
4786.8148148148
10762.715298886
11978.281853282
13230.882352941
11988.98225957
12197.891842346
16712.903225806
18542.333132892
18428.921023359
18335.175590098
18162.091503268
17623.570190641
21356.821163096
18428.907741251
16092.773848213
21180.565540379
22514.206999255
22796.601018934
22717.949695122
22334.394758894
23276.778401335
605.73893473368
572.45657568238
575.10683760684
512.17887725975
514.62715105163
737.52567906871
795.44559330379
737.02098540146
790.96695226438
723.48858038513
1565.8121158911
1956.7883211679
1552.8861429832
2173.2616354534
1497.0935353179
2944.0847557387
2985.0989632422
2867.3469387755
3021.8468053765
2249.6368742132
2552.0521545364
2209.9047167825
2480.9431808202
2474.8848846185
2427.059712774
1849.4534282018
1804.1833761598
2945.7056459796
2972.0222619435
3114.5101935301
